3 0.32125 0.8905462962962962 0.07653125 0.04652777777777778
3 0.13203125 0.9537037037037037 0.12865104166666666 0.09259259259259259
3 0.8067864583333333 0.9598796296296297 0.09273958333333333 0.08024074074074074
2 0.4176614583333333 0.6711574074074075 0.047125 0.20650925925925925
2 0.510984375 0.6676203703703704 0.042796875 0.19943518518518516
2 0.5510572916666666 0.6719444444444445 0.03677604166666667 0.2327685185185185
0 0.9262135416666666 0.6383148148148148 0.14756770833333333 0.35687962962962966
3 0.23108854166666667 0.8719351851851852 0.06981770833333334 0.0648611111111111
3 0.6160104166666667 0.8149444444444445 0.100078125 0.06199074074074074
3 0.33824479166666666 0.8113888888888888 0.11399479166666666 0.06722222222222221
2 0.8279895833333334 0.6593425925925926 0.024036458333333333 0.12732407407407406