3 0.07754166666666666 0.9778611111111111 0.10906770833333333 0.04427777777777778
3 0.22477604166666668 0.9704537037037037 0.10978645833333332 0.05909259259259259
3 0.3801614583333333 0.9471574074074074 0.08559895833333334 0.09460185185185185
3 0.42238020833333334 0.8544722222222223 0.027911458333333337 0.08637962962962964
3 0.27684375 0.8695370370370371 0.08684375000000001 0.0982962962962963
3 0.194703125 0.8237129629629629 0.05242708333333333 0.044305555555555556
3 0.17323958333333334 0.8794722222222222 0.07434375 0.04487037037037037
1 0.6907760416666666 0.7592685185185185 0.22095833333333334 0.4330185185185185
1 0.5535989583333334 0.7112870370370371 0.05493229166666667 0.25557407407407406
1 0.464 0.7041018518518518 0.11948958333333333 0.1782314814814815
1 0.37115625 0.6708703703703703 0.06921875000000001 0.1377037037037037