3 0.5537552083333334 0.7248055555555555 0.10333333333333333 0.04511111111111111
3 0.49520312499999997 0.7963148148148148 0.043708333333333335 0.0515462962962963
3 0.4246666666666667 0.6906111111111112 0.0720625 0.03762962962962963
3 0.74528125 0.7836574074074074 0.20079687499999999 0.08363888888888889
3 0.9451875 0.8616481481481482 0.052223958333333334 0.029574074074074076
3 0.8903541666666667 0.8931388888888889 0.03675 0.03622222222222222
3 0.9006822916666667 0.9710740740740741 0.19863541666666668 0.05784259259259259
3 0.2055 0.8391574074074074 0.16744791666666667 0.11530555555555555
3 0.2685260416666667 0.7149907407407408 0.23913541666666666 0.08131481481481481
2 0.4876302083333333 0.6137962962962963 0.029244791666666665 0.13466666666666666
1 0.19736979166666666 0.5725462962962963 0.03085416666666667 0.059250000000000004
2 0.333421875 0.5856666666666667 0.0138125 0.10942592592592593
2 0.35717187499999997 0.5931481481481482 0.022677083333333334 0.08596296296296296