3 0.5520833333333334 0.7366944444444444 0.10954166666666666 0.04511111111111111
3 0.49138020833333335 0.8209351851851852 0.043708333333333335 0.0515462962962963
3 0.399828125 0.7033518518518519 0.08925520833333334 0.039324074074074074
3 0.7610416666666667 0.804037037037037 0.21894791666666666 0.09043518518518519
3 0.9853489583333332 0.8934907407407408 0.029296875 0.02362962962962963
3 0.945046875 0.9423888888888888 0.051557291666666664 0.03622222222222222
3 0.7798385416666667 0.929462962962963 0.08973437499999999 0.13596296296296298
3 0.1988125 0.9363796296296296 0.18846354166666668 0.12294444444444444
3 0.22553645833333333 0.7243333333333333 0.23913541666666666 0.08131481481481481
2 0.4876302083333333 0.6137962962962963 0.029244791666666665 0.13466666666666666
1 0.18733854166666666 0.5725462962962963 0.03085416666666667 0.059250000000000004
2 0.35048437499999996 0.5982407407407407 0.022677083333333334 0.08596296296296296