3 0.5361614583333334 0.7736296296296297 0.06066666666666667 0.050833333333333335
3 0.7410781249999999 0.9586666666666666 0.217796875 0.08266666666666667
2 0.4784375 0.642425925925926 0.046697916666666665 0.2319351851851852
2 0.64521875 0.6128703703703704 0.032192708333333334 0.16369444444444445
1 0.815359375 0.6042222222222222 0.079734375 0.16400925925925924
2 0.5393854166666666 0.6089259259259259 0.033692708333333335 0.1461111111111111
3 0.42991666666666667 0.8731851851851852 0.11713020833333333 0.06426851851851852
3 0.9526875 0.8166203703703704 0.094625 0.04680555555555555
3 0.2628489583333333 0.9570462962962962 0.10911458333333333 0.08591666666666667
3 0.8068124999999999 0.7332037037037037 0.10352083333333333 0.06317592592592593
1 0.7427447916666666 0.5936111111111111 0.06447916666666667 0.10540740740740741