3 0.38689062500000004 0.9270925925925926 0.114171875 0.06339814814814815
3 0.5294427083333333 0.9021018518518519 0.077453125 0.12946296296296295
3 0.2786666666666667 0.9836574074074074 0.22458333333333333 0.03269444444444445
3 0.7265729166666667 0.8438611111111111 0.040463541666666665 0.04307407407407408
3 0.8093072916666666 0.7895740740740741 0.12051041666666666 0.13806481481481483
3 0.7859999999999999 0.9445277777777779 0.28463020833333336 0.11094444444444444
3 0.9628489583333334 0.769611111111111 0.07135416666666666 0.05740740740740741
2 0.37476041666666665 0.679037037037037 0.066796875 0.30139814814814814
2 0.47794791666666664 0.6274259259259259 0.035234375000000005 0.18044444444444444
2 0.5845052083333333 0.637925925925926 0.03324479166666667 0.20019444444444445
1 0.7468020833333333 0.6096296296296296 0.07642708333333334 0.15318518518518517
1 0.6909322916666666 0.5838148148148148 0.04583854166666667 0.09613888888888888
3 0.37741145833333334 0.8573888888888889 0.10256249999999999 0.048518518518518516