3 0.5769947916666667 0.7358425925925927 0.05445833333333334 0.043194444444444445
3 0.7107500000000001 0.9060092592592592 0.17528645833333334 0.18796296296296297
2 0.5192760416666666 0.6530462962962963 0.031890625 0.20391666666666666
2 0.6600208333333334 0.6162592592592592 0.022640625 0.1433148148148148
1 0.816078125 0.6097407407407407 0.07639062499999999 0.15297222222222223
2 0.5575364583333333 0.6068055555555556 0.029869791666666666 0.10960185185185185
3 0.49941145833333334 0.797611111111111 0.07270833333333333 0.03540740740740741
3 0.9194427083333333 0.7533518518518518 0.10752604166666666 0.05444444444444444
3 0.38058854166666667 0.8578333333333333 0.07615625 0.06808333333333333
3 0.5665572916666667 0.9684074074074075 0.10352083333333333 0.06317592592592593
1 0.7427447916666666 0.5936111111111111 0.06447916666666667 0.10540740740740741