3 0.523265625 0.7855185185185185 0.06066666666666667 0.050833333333333335
3 0.643640625 0.9726759259259259 0.29613020833333337 0.054648148148148154
2 0.4784375 0.642425925925926 0.046697916666666665 0.2319351851851852
2 0.6413958333333334 0.6128703703703704 0.032192708333333334 0.16369444444444445
1 0.8048489583333333 0.6042222222222222 0.079734375 0.16400925925925924
2 0.531265625 0.6106203703703704 0.033692708333333335 0.1461111111111111
3 0.40866145833333334 0.8935648148148148 0.12811458333333334 0.0744537037037037
3 0.9526875 0.8395462962962963 0.094625 0.04680555555555555
3 0.596484375 0.7872222222222223 0.060875 0.06383333333333333
3 0.8068124999999999 0.7332037037037037 0.10352083333333333 0.06317592592592593
1 0.7360572916666667 0.5859722222222222 0.057791666666666665 0.1105