3 0.3525 0.9666018518518519 0.114171875 0.0667962962962963
3 0.5294427083333333 0.90125 0.077453125 0.12946296296296295
3 0.7275260416666666 0.8684814814814815 0.040463541666666665 0.04307407407407408
3 0.8100260416666667 0.7976388888888889 0.12194270833333333 0.15419444444444444
3 0.80271875 0.9436759259259259 0.31806770833333337 0.1126388888888889
2 0.34252083333333333 0.6854074074074075 0.07205208333333334 0.34300925925925924
2 0.46457291666666667 0.6376111111111111 0.04096354166666667 0.20082407407407407
2 0.5754322916666667 0.6404722222222222 0.03802083333333333 0.20359259259259258
1 0.73725 0.6113240740740741 0.07642708333333334 0.15318518518518517
1 0.6789895833333334 0.5838148148148148 0.04583854166666667 0.09613888888888888
3 0.3370520833333333 0.8917777777777778 0.10877083333333333 0.04937037037037037