3 0.5533541666666667 0.7617407407407407 0.06066666666666667 0.050833333333333335
3 0.7198229166666666 0.9187592592592593 0.17528645833333334 0.16249074074074074
2 0.496828125 0.6453981481481481 0.031890625 0.20391666666666666
2 0.652859375 0.6205092592592593 0.032192708333333334 0.16369444444444445
1 0.815359375 0.6042222222222222 0.079734375 0.16400925925925924
2 0.5489375 0.6144444444444445 0.029869791666666666 0.13507407407407407
3 0.461203125 0.8421944444444445 0.10709895833333333 0.053231481481481484
3 0.9462395833333334 0.7958148148148149 0.10752604166666666 0.05444444444444444
3 0.2998645833333333 0.9283055555555556 0.09908333333333334 0.07997222222222222
3 0.8049010416666668 0.7264074074074074 0.10352083333333333 0.06317592592592593
1 0.7427447916666666 0.5936111111111111 0.06447916666666667 0.10540740740740741