3 0.4886041666666667 0.9284814814814815 0.08557291666666668 0.1430462962962963
3 0.6826302083333334 0.974212962962963 0.15414583333333332 0.05157407407407408
3 0.7479322916666666 0.8205648148148148 0.0846875 0.15419444444444444
3 0.8504843750000001 0.9521759259259258 0.177640625 0.09565740740740741
2 0.246515625 0.7316851851851852 0.05963541666666667 0.4185833333333333
2 0.4309010416666667 0.6592685185185185 0.043354166666666666 0.21525925925925926
2 0.5190677083333334 0.6561759259259259 0.03802083333333333 0.21462962962962964
1 0.6849479166666667 0.6138703703703704 0.07213020833333333 0.15318518518518517
1 0.6340885416666667 0.591462962962963 0.034375 0.09613888888888888
3 0.33275520833333333 0.9055185185185185 0.09444270833333333 0.10912962962962963
1 0.8324583333333333 0.6853611111111112 0.07515625000000001 0.30742592592592594