3 0.45639583333333333 0.8114166666666667 0.16383854166666667 0.058472222222222224
3 0.9675260416666667 0.7374722222222222 0.06494791666666667 0.054648148148148154
2 0.44786458333333334 0.645824074074074 0.046697916666666665 0.2319351851851852
2 0.6366197916666666 0.6137222222222223 0.032192708333333334 0.16369444444444445
1 0.79625 0.600824074074074 0.079734375 0.16400925925925924
2 0.5169374999999999 0.6114722222222222 0.033692708333333335 0.1461111111111111
3 0.361375 0.9470555555555557 0.14148958333333334 0.0795462962962963
3 0.9526875 0.8633240740740741 0.094625 0.04680555555555555
3 0.5955312500000001 0.80675 0.060875 0.06383333333333333
3 0.8039479166666667 0.7493333333333333 0.10352083333333333 0.09374074074074074
1 0.7293697916666667 0.5859722222222222 0.057791666666666665 0.1105
3 0.6828906250000001 0.8544537037037037 0.10707291666666667 0.1358703703703704