3 0.7016875 0.7403981481481482 0.08164583333333333 0.05299074074074074
3 0.5530520833333333 0.7255092592592592 0.022588541666666666 0.028435185185185185
3 0.548015625 0.8542407407407407 0.029796875 0.059666666666666666
3 0.5989687499999999 0.7746296296296297 0.09315625000000001 0.07114814814814815
3 0.6937135416666667 0.835138888888889 0.05555729166666667 0.08259259259259259
3 0.6053020833333334 0.7074074074074074 0.03750520833333334 0.025583333333333333
3 0.32390104166666667 0.7194074074074075 0.13697916666666668 0.038935185185185184
2 0.13953645833333334 0.7248055555555555 0.09111458333333333 0.34232407407407406
2 0.352203125 0.6225555555555555 0.02402083333333333 0.1171574074074074
1 0.5608697916666666 0.6074259259259259 0.052807291666666666 0.12193518518518519
1 0.52025 0.5923796296296296 0.03086458333333333 0.06882407407407408