3 0.7793020833333333 0.8117314814814814 0.13466666666666666 0.09036111111111111
3 0.561171875 0.7709444444444444 0.030229166666666665 0.03947222222222223
3 0.164703125 0.818574074074074 0.08568229166666666 0.059666666666666666
3 0.6206979166666666 0.9041111111111112 0.10127604166666666 0.1654074074074074
3 0.8090677083333334 0.96125 0.16206770833333334 0.0775
3 0.629421875 0.7693888888888889 0.057088541666666666 0.047657407407407405
3 0.25559895833333335 0.7762962962962963 0.17901562499999998 0.04402777777777778
2 0.3092135416666667 0.6467592592592593 0.03261458333333333 0.15366666666666667
1 0.5575260416666666 0.6082777777777778 0.052807291666666666 0.12193518518518519
3 0.9517864583333334 0.9684537037037038 0.09408333333333332 0.06309259259259259
3 0.4526614583333333 0.9713796296296295 0.07113541666666667 0.05724074074074074