3 0.7468229166666667 0.7820092592592593 0.12320312500000001 0.07847222222222222
3 0.5597395833333334 0.749712962962963 0.030229166666666665 0.03947222222222223
3 0.4873541666666667 0.9179259259259259 0.051770833333333335 0.059666666666666666
3 0.6001614583333333 0.8535925925925926 0.10127604166666666 0.13228703703703704
3 0.8090677083333334 0.96125 0.16206770833333334 0.0775
3 0.6213020833333334 0.7524074074074074 0.057088541666666666 0.047657407407407405
3 0.29404687500000004 0.7533703703703704 0.162296875 0.038935185185185184
2 0.32449999999999996 0.6323240740740741 0.024973958333333334 0.1247962962962963
1 0.5608697916666666 0.6074259259259259 0.052807291666666666 0.12193518518518519
1 0.52025 0.5923796296296296 0.03086458333333333 0.06882407407407408
3 0.8734531249999999 0.8979722222222222 0.07975520833333333 0.0647962962962963
3 0.5586979166666667 0.9713796296296295 0.033880208333333335 0.05724074074074074