3 0.17340104166666667 0.9226574074074074 0.19647395833333334 0.15467592592592594
3 0.6822083333333333 0.7928148148148149 0.061572916666666665 0.09599074074074074
3 0.5350520833333333 0.9562222222222222 0.09565104166666667 0.0875648148148148
3 0.492078125 0.8910092592592592 0.11225520833333333 0.05762037037037037
3 0.5499427083333334 0.7846759259259259 0.044359375 0.0824074074074074
3 0.6314114583333333 0.8927870370370371 0.11437499999999999 0.0612962962962963
3 0.6163541666666668 0.7467037037037038 0.072890625 0.03969444444444444
3 0.4975729166666667 0.6629444444444444 0.10284375 0.03897222222222223
3 0.6416666666666667 0.686861111111111 0.09089583333333334 0.04419444444444444
3 0.4688072916666667 0.7671388888888889 0.03386979166666667 0.03559259259259259
1 0.5605833333333333 0.5134814814814814 0.026177083333333333 0.08688888888888889