3 0.22615104166666666 0.8818055555555556 0.19538541666666667 0.2185462962962963
3 0.7287395833333333 0.8442685185185185 0.061572916666666665 0.09599074074074074
3 0.427 0.8799907407407407 0.04583333333333333 0.07215740740740742
3 0.46847395833333333 0.7869351851851851 0.06711458333333334 0.05762037037037037
3 0.5045833333333333 0.7210925925925926 0.035854166666666666 0.06258333333333334
3 0.5909531250000001 0.7851018518518518 0.10768229166666667 0.04449074074074074
3 0.569046875 0.6993703703703704 0.064625 0.03338888888888889
3 0.46418750000000003 0.6373148148148148 0.10284375 0.03897222222222223
3 0.5841145833333333 0.6564814814814814 0.063296875 0.030185185185185186
3 0.4383958333333334 0.71 0.03386979166666667 0.03559259259259259
1 0.535390625 0.5007314814814815 0.026177083333333333 0.08688888888888889