3 0.22615104166666666 0.8818055555555556 0.19538541666666667 0.2185462962962963
3 0.656640625 0.7793981481481481 0.061572916666666665 0.09599074074074074
3 0.42040104166666664 0.8384351851851852 0.04583333333333333 0.07215740740740742
3 0.45426041666666667 0.7580277777777777 0.06711458333333334 0.05762037037037037
3 0.48427604166666666 0.702574074074074 0.028744791666666665 0.03637962962962963
3 0.5584635416666667 0.760712962962963 0.10768229166666667 0.04449074074074074
3 0.5458020833333334 0.6817685185185185 0.04088541666666667 0.03338888888888889
3 0.45733333333333337 0.6300833333333333 0.08913541666666666 0.02451851851851852
3 0.5848541666666667 0.6481203703703704 0.063296875 0.030185185185185186
3 0.433828125 0.6950925925925926 0.025744791666666666 0.025657407407407407
1 0.5220364583333333 0.49721296296296297 0.026177083333333333 0.08688888888888889