0 0.339140625 0.6348611111111111 0.04059375 0.10273148148148148
1 0.39121354166666666 0.6623425925925926 0.04057291666666667 0.07325
1 0.42845833333333333 0.6541944444444444 0.023401041666666667 0.08953703703703704
1 0.5113802083333333 0.6552777777777778 0.083 0.12133333333333332
2 0.044760416666666664 0.705462962962963 0.05808854166666667 0.2587314814814815
2 0.11083333333333334 0.6969259259259258 0.04440104166666667 0.22314814814814815
2 0.15146354166666667 0.6832314814814815 0.03191666666666667 0.22167592592592592
2 0.18330729166666665 0.6859259259259259 0.022682291666666667 0.2196759259259259
2 0.20902604166666666 0.673537037037037 0.019958333333333335 0.15785185185185185
3 0.32936979166666663 0.9232314814814815 0.05439583333333333 0.15353703703703703
3 0.5821145833333333 0.927537037037037 0.22238541666666667 0.1378611111111111