1 0.554421875 0.6042037037037037 0.07717187499999999 0.2632129629629629
1 0.3732916666666667 0.5691851851851852 0.04616145833333333 0.13762962962962963
1 0.45286458333333335 0.5543703703703704 0.05531770833333333 0.09317592592592593
3 0.49526041666666665 0.7093888888888888 0.05884895833333333 0.11803703703703704
3 0.47223437500000004 0.9344444444444445 0.139890625 0.1311111111111111
1 0.6584739583333333 0.6016111111111111 0.112359375 0.2654351851851852
0 0.17246875 0.4703055555555556 0.16952083333333334 0.43616666666666665
0 0.27673958333333337 0.4872962962962963 0.09068229166666668 0.27060185185185187
0 0.34089583333333334 0.5245462962962962 0.037625 0.11132407407407408
0 0.5331718750000001 0.5275092592592593 0.06801041666666667 0.10243518518518518
1 0.4189114583333333 0.557138888888889 0.016572916666666666 0.07280555555555555