0 0.24203125 0.6186759259259259 0.14536979166666666 0.36469444444444443
0 0.31214583333333334 0.6167870370370371 0.040140625 0.17283333333333334
0 0.6827447916666666 0.6242037037037037 0.12880729166666666 0.2113611111111111
0 0.5895208333333334 0.6416018518518518 0.07029166666666667 0.1232037037037037
2 0.3375677083333333 0.6584444444444445 0.02403125 0.09423148148148147
2 0.491421875 0.6404351851851852 0.014807291666666667 0.036953703703703704
2 0.5280833333333333 0.667287037037037 0.02075 0.04039814814814815
1 0.45636458333333335 0.6585555555555556 0.034453125 0.03880555555555555
1 0.36393749999999997 0.6591018518518519 0.020640625000000003 0.09057407407407407
1 0.5093385416666666 0.6617314814814814 0.026265625 0.03950925925925926
3 0.9478229166666666 0.8386666666666667 0.1035625 0.10251851851851852