1 0.5285885416666667 0.6012407407407407 0.07717187499999999 0.2632129629629629
1 0.392453125 0.5721481481481481 0.04616145833333333 0.13762962962962963
1 0.45286458333333335 0.5543703703703704 0.05531770833333333 0.09317592592592593
3 0.5052604166666667 0.7508796296296296 0.05884895833333333 0.11803703703703704
1 0.6976354166666667 0.5727129629629629 0.08569791666666667 0.18688888888888888
0 0.11278645833333334 0.47697222222222224 0.2255677083333333 0.5295277777777778
0 0.26965625 0.4969259259259259 0.11484375 0.2898703703703704
0 0.34589583333333335 0.5304722222222222 0.047625 0.12317592592592592
0 0.5660833333333334 0.5504814814814815 0.06717708333333333 0.10391666666666667
1 0.8975000000000001 0.7125648148148148 0.20500000000000002 0.5206944444444445
1 0.4769322916666667 0.5591759259259259 0.019473958333333333 0.05276851851851852