0 0.2982760416666667 0.6416481481481482 0.10620833333333332 0.26539814814814816
0 0.640046875 0.6190092592592592 0.1200625 0.22173148148148147
0 0.5516145833333332 0.6430833333333333 0.06445833333333334 0.11431481481481481
2 0.336734375 0.6599259259259259 0.02403125 0.09423148148148147
2 0.47017708333333336 0.6478425925925926 0.014807291666666667 0.036953703703703704
2 0.5068385416666666 0.6650648148148148 0.02075 0.04039814814814815
1 0.4321979166666667 0.665962962962963 0.034453125 0.03880555555555555
1 0.3739322916666667 0.6553981481481482 0.025640624999999997 0.08612962962962963
1 0.4776770833333333 0.6617314814814814 0.026265625 0.03950925925925926
3 0.7947187499999999 0.7951388888888888 0.14231770833333332 0.11030555555555555
0 0.914484375 0.6273518518518518 0.17102604166666666 0.31471296296296297
0 0.09643229166666667 0.5570092592592593 0.18828125 0.7577222222222223
3 0.5648385416666667 0.8340462962962962 0.121328125 0.21253703703703702
1 0.3918385416666667 0.6617777777777778 0.019244791666666667 0.0638611111111111
3 0.3165260416666667 0.8931203703703704 0.13471354166666666 0.13735185185185186