1 0.5435885416666667 0.6042037037037037 0.07717187499999999 0.2632129629629629
1 0.3732916666666667 0.5691851851851852 0.04616145833333333 0.13762962962962963
1 0.45286458333333335 0.5543703703703704 0.05531770833333333 0.09317592592592593
3 0.49526041666666665 0.7093888888888888 0.05884895833333333 0.11803703703703704
1 0.7055520833333334 0.6164259259259259 0.1381875 0.27432407407407405
0 0.14705729166666667 0.4843796296296296 0.18035416666666665 0.4613611111111111
0 0.27673958333333337 0.4872962962962963 0.09068229166666668 0.27060185185185187
0 0.34089583333333334 0.5245462962962962 0.037625 0.11132407407407408
0 0.5402552083333333 0.5341759259259259 0.08217708333333333 0.08910185185185185
1 0.39808333333333334 0.5438055555555555 0.016572916666666666 0.07280555555555555
0 0.04727083333333334 0.5031111111111112 0.08996354166666666 0.7054722222222222