1 0.48276041666666664 0.5997592592592592 0.045510416666666664 0.1831851851851852
1 0.4416145833333333 0.6188240740740741 0.037828125 0.12429629629629631
0 0.3171458333333333 0.5845462962962963 0.14511979166666666 0.2046851851851852
0 0.7119114583333332 0.589 0.14883333333333332 0.16614814814814816
1 0.9504739583333334 0.7254907407407407 0.09905208333333333 0.4076666666666666
0 0.5439010416666666 0.5975185185185186 0.07321875000000001 0.1076388888888889
1 0.6972135416666667 0.6779074074074074 0.06322395833333333 0.24620370370370367
1 0.5524427083333333 0.6164074074074074 0.029473958333333335 0.09356481481481481
1 0.6133802083333334 0.6252962962962964 0.035921875 0.1083888888888889
3 0.5400416666666668 0.8916481481481482 0.130921875 0.1980925925925926
1 0.8177291666666666 0.6564166666666666 0.053796875 0.06394444444444444
1 0.5158854166666667 0.6141759259259258 0.020729166666666667 0.07683333333333334