1 0.4852604166666667 0.6116111111111111 0.05051041666666667 0.20689814814814814
1 0.4416145833333333 0.6188240740740741 0.037828125 0.12429629629629631
1 0.9213229166666667 0.6601296296296297 0.15734895833333334 0.18096296296296296
0 0.059390625 0.594 0.11877604166666668 0.7003425925925926
0 0.35089583333333335 0.5741759259259259 0.08095833333333333 0.18987037037037038
0 0.6581666666666667 0.5845555555555556 0.10634375 0.1602222222222222
3 0.47109375 0.8907685185185185 0.05552083333333333 0.21846296296296297
1 0.6177604166666666 0.6262129629629629 0.039890625 0.10535185185185185
0 0.5264010416666667 0.6004814814814815 0.07321875000000001 0.1076388888888889
1 0.6757604166666666 0.6475092592592592 0.042203125 0.14350925925925928
1 0.54765625 0.6238148148148148 0.022390625 0.07282407407407408
3 0.2666354166666667 0.850712962962963 0.13116145833333334 0.11991666666666666