1 0.4852604166666667 0.6116111111111111 0.05051041666666667 0.20689814814814814
1 0.4416145833333333 0.6188240740740741 0.037828125 0.12429629629629631
1 0.9167708333333333 0.6586481481481482 0.15734895833333334 0.18096296296296296
0 0.07147395833333332 0.5480648148148148 0.1429375 0.608462962962963
0 0.3554791666666667 0.565287037037037 0.07179166666666667 0.17208333333333334
0 0.6431666666666668 0.5904814814814815 0.10634375 0.1602222222222222
3 0.4727604166666667 0.8907685185185185 0.05552083333333333 0.2184722222222222
1 0.6052604166666666 0.6336203703703703 0.039890625 0.10535185185185185
0 0.5176510416666666 0.6004814814814815 0.05572395833333333 0.1076388888888889
1 0.6499322916666667 0.6445462962962963 0.042203125 0.14350925925925928
1 0.53765625 0.6238148148148148 0.022390625 0.07282407407407408
3 0.303296875 0.8047777777777777 0.13116145833333334 0.11991666666666666