1 0.5031770833333333 0.6212407407407408 0.07300520833333332 0.2320925925925926
1 0.40995312500000003 0.5884444444444444 0.04616145833333333 0.13762962962962963
1 0.45036458333333335 0.569925925925926 0.05531770833333333 0.10354629629629629
1 0.7763802083333334 0.6208703703703703 0.10319270833333333 0.16465740740740742
0 0.049463541666666666 0.5066111111111111 0.09892708333333333 0.5828796296296296
0 0.18633854166666666 0.5213888888888889 0.24815104166666666 0.38914814814814813
0 0.35381250000000003 0.5534351851851852 0.06345833333333334 0.16912037037037037
0 0.6002500000000001 0.5845555555555556 0.09884375 0.15133333333333332
3 0.47859375 0.7416296296296296 0.04052083333333333 0.10099074074074073
1 0.9084479166666667 0.6834629629629629 0.15190104166666665 0.22175925925925927
1 0.5348437500000001 0.606212962962963 0.0190625 0.08905555555555557