0 0.2866145833333333 0.6216388888888889 0.12620833333333334 0.2965185185185185
0 0.6583749999999999 0.6190092592592592 0.1200625 0.22173148148148147
0 0.5645260416666668 0.6386388888888889 0.07029166666666667 0.1232037037037037
2 0.336734375 0.6599259259259259 0.02403125 0.09423148148148147
2 0.48017708333333337 0.6463611111111112 0.014807291666666667 0.036953703703703704
2 0.512671875 0.6650648148148148 0.02075 0.04039814814814815
1 0.4396979166666667 0.665962962962963 0.034453125 0.03880555555555555
1 0.3739322916666667 0.6553981481481482 0.025640624999999997 0.08612962962962963
1 0.48017708333333337 0.6617314814814814 0.026265625 0.03950925925925926
3 0.82096875 0.7855 0.13648437500000002 0.10289814814814814
0 0.9324010416666667 0.6236481481481481 0.13519791666666667 0.32212037037037033
3 0.2846458333333333 0.9249814814814815 0.18345833333333333 0.13439814814814816
3 0.5693125 0.812 0.12570833333333334 0.13807407407407407
0 0.08559895833333334 0.573675925925926 0.16661979166666668 0.7095648148148148