1 0.44734375 0.6153148148148148 0.03467708333333333 0.1520648148148148
1 0.41328125 0.6277129629629629 0.037828125 0.12429629629629631
0 0.22507291666666665 0.5778796296296297 0.21094270833333334 0.29211111111111115
0 0.7956458333333334 0.6134444444444445 0.19799479166666664 0.21801851851851853
0 0.5739010416666667 0.6093796296296297 0.07321875000000001 0.1076388888888889
1 0.5891041666666667 0.6445555555555555 0.044473958333333334 0.14987037037037038
1 0.7850260416666667 0.6860462962962962 0.07425 0.23287037037037037
3 0.5400416666666668 0.8916481481481482 0.130921875 0.1980925925925926
1 0.6583645833333333 0.6601018518518518 0.060723958333333335 0.2220740740740741
1 0.9545677083333334 0.686787037037037 0.09086979166666667 0.1039537037037037
0 0.3544427083333333 0.6043611111111111 0.05611458333333333 0.14017592592592593