1 0.45984375 0.6197592592592593 0.03467708333333333 0.1520648148148148
1 0.42078125 0.6203055555555556 0.037828125 0.12429629629629631
0 0.23382291666666666 0.5741759259259259 0.205109375 0.2580277777777778
0 0.7706510416666668 0.6082592592592592 0.19299479166666667 0.20171296296296296
0 0.5614010416666667 0.5915925925925926 0.07321875000000001 0.1076388888888889
1 0.5711927083333334 0.6378888888888888 0.04030729166666667 0.12171296296296295
1 0.7250364583333333 0.6615925925925926 0.04758854166666667 0.1928611111111111
3 0.5400416666666668 0.8916481481481482 0.130921875 0.1980925925925926
1 0.6262864583333333 0.64825 0.051557291666666664 0.16872222222222222
1 0.9325052083333334 0.686787037037037 0.09086979166666667 0.1039537037037037
0 0.3544427083333333 0.6043611111111111 0.05611458333333333 0.14017592592592593