1 0.4852604166666667 0.6116111111111111 0.05051041666666667 0.20689814814814814
1 0.4416145833333333 0.6188240740740741 0.037828125 0.12429629629629631
1 0.93465625 0.6542037037037036 0.13068749999999998 0.1691111111111111
0 0.059390625 0.594 0.11877604166666668 0.7003425925925926
0 0.3450625 0.5793611111111111 0.092625 0.20024074074074072
0 0.6581666666666667 0.5845555555555556 0.10634375 0.1602222222222222
1 0.6435885416666667 0.6365833333333333 0.04322395833333333 0.12610185185185185
0 0.5264010416666667 0.6004814814814815 0.07321875000000001 0.1076388888888889
1 0.7249166666666667 0.6823333333333333 0.07219791666666667 0.23687037037037037
1 0.5609895833333333 0.623074074074074 0.022390625 0.0861574074074074
3 0.20497916666666666 0.9114722222222222 0.15448958333333335 0.11991666666666666