3 0.8581302083333333 0.7649907407407408 0.10793229166666667 0.06075
5 0.5074114583333333 0.7913796296296297 0.27732812500000004 0.04989814814814815
5 0.7223437500000001 0.77925 0.12177083333333334 0.054796296296296294
5 0.29735416666666664 0.8165370370370371 0.113625 0.036787037037037035
1 0.18796354166666665 0.7254259259259259 0.06342708333333333 0.27308333333333334
1 0.12716666666666668 0.7083518518518518 0.035041666666666665 0.24633333333333335
1 0.3353177083333333 0.6517037037037038 0.02480729166666667 0.10341666666666667
1 0.448765625 0.6492500000000001 0.026692708333333332 0.11331481481481481
1 0.541484375 0.6428425925925926 0.030885416666666665 0.11162037037037037
1 0.40344270833333334 0.6362592592592592 0.029807291666666666 0.08362037037037037
1 0.36590104166666665 0.6335462962962963 0.018203125 0.07449074074074075