1 0.12034375 0.723675925925926 0.18860416666666666 0.22882407407407407
1 0.3757395833333333 0.6344074074074074 0.024395833333333335 0.12065740740740741
1 0.44895833333333335 0.6218703703703704 0.052083333333333336 0.11781481481481482
1 0.5163333333333333 0.6756666666666666 0.043078124999999995 0.21430555555555555
1 0.58840625 0.6112777777777777 0.04972916666666667 0.09662037037037037
1 0.7292291666666666 0.7560462962962963 0.08529166666666667 0.44912962962962966
3 0.44706250000000003 0.9173055555555556 0.06079166666666667 0.11979629629629629
3 0.257078125 0.9277777777777778 0.05165625 0.14444444444444443
3 0.34340625 0.8483148148148147 0.059734375 0.05589814814814815
3 0.11128645833333332 0.9444444444444444 0.08298958333333334 0.1111111111111111
3 0.29561458333333335 0.7797499999999999 0.0683125 0.06689814814814815
3 0.5602916666666666 0.8284907407407407 0.06641666666666667 0.07549074074074075
3 0.58390625 0.9527777777777777 0.13864583333333333 0.09444444444444444
3 0.42163541666666665 0.7565 0.0724375 0.06114814814814815