1 0.43130729166666665 0.6840740740740741 0.12094791666666667 0.18666666666666668
1 0.149671875 0.6620370370370371 0.05767708333333333 0.15741666666666665
1 0.5439583333333334 0.6947777777777778 0.056666666666666664 0.26362962962962966
1 0.6039739583333333 0.6415740740740741 0.03086458333333333 0.16092592592592594
3 0.67525 0.6343425925925926 0.08175520833333333 0.12425
2 0.008854166666666666 0.6780185185185185 0.017708333333333333 0.15603703703703706
3 0.41917187499999997 0.9283518518518519 0.09667708333333333 0.07150925925925926
3 0.5028958333333333 0.883462962962963 0.04538020833333333 0.16692592592592592
3 0.5891770833333333 0.9141018518518519 0.059604166666666666 0.15783333333333335
3 0.7236666666666667 0.9555555555555556 0.13899999999999998 0.08888888888888889
3 0.95453125 0.9712962962962963 0.063234375 0.05740740740740741