2 0.34209895833333337 0.5906296296296296 0.013364583333333334 0.09977777777777778
1 0.3690364583333333 0.6300833333333333 0.023489583333333335 0.12683333333333333
1 0.4468958333333333 0.6129907407407407 0.04378645833333333 0.11486111111111111
1 0.5011145833333334 0.653888888888889 0.031390625 0.1966574074074074
1 0.6948593750000001 0.7277777777777777 0.06680729166666667 0.3703796296296296
1 0.537796875 0.6123333333333334 0.017260416666666667 0.09503703703703703
1 0.5816302083333333 0.6051574074074074 0.046598958333333336 0.08437962962962962
3 0.18267708333333335 0.95 0.07785416666666665 0.1
3 0.28947395833333334 0.9604351851851851 0.08103125000000001 0.07643518518518519
3 0.4582864583333333 0.95 0.07698437500000001 0.1
3 0.6228593750000001 0.9135925925925925 0.06238020833333333 0.14571296296296296