1 0.22967708333333334 0.6961203703703703 0.04477604166666667 0.23298148148148148
1 0.3247916666666667 0.7009537037037037 0.04958333333333333 0.2685648148148148
1 0.432640625 0.6458518518518518 0.040281250000000005 0.11023148148148147
1 0.5200260416666667 0.7035555555555556 0.098390625 0.1811851851851852
1 0.6129687500000001 0.6395370370370371 0.0384375 0.060555555555555564
3 0.5150364583333333 0.8308333333333333 0.09048958333333333 0.046842592592592595
3 0.6783020833333333 0.9344629629629629 0.10660416666666667 0.08374074074074074
3 0.5694270833333334 0.9438240740740741 0.101359375 0.08024074074074074
3 0.4711875 0.9425925925925925 0.07988020833333334 0.11481481481481481
3 0.725609375 0.8428703703703704 0.06371875 0.07092592592592592
3 0.8376979166666667 0.9339814814814815 0.087890625 0.07907407407407407