1 0.354984375 0.6529074074074074 0.030807291666666667 0.05026851851851852
1 0.18176562500000001 0.6728148148148148 0.03644791666666667 0.13081481481481483
1 0.26391145833333335 0.6603611111111112 0.027828125 0.08738888888888889
1 0.43096354166666667 0.6540925925925926 0.018182291666666666 0.041518518518518524
1 0.46593229166666666 0.6519351851851852 0.026473958333333332 0.05572222222222222
3 0.5080260416666667 0.7259907407407408 0.051468749999999994 0.04457407407407407
3 0.292203125 0.7917962962962963 0.042734375 0.07248148148148148
3 0.5632447916666667 0.7859259259259259 0.06816145833333334 0.0681574074074074
3 0.6660572916666666 0.8399722222222222 0.04878125 0.06512962962962963
3 0.34294270833333335 0.7653425925925926 0.04953125 0.06032407407407408
3 0.19015625 0.8505925925925926 0.10322916666666666 0.04192592592592593
3 0.25161979166666665 0.8105 0.030317708333333335 0.039518518518518515