1 0.3651510416666667 0.6172777777777777 0.04280208333333334 0.06789814814814815
1 0.28296875 0.5814814814814815 0.024265625000000002 0.044453703703703704
3 0.16349479166666667 0.7279259259259259 0.03532291666666666 0.041046296296296296
3 0.2155 0.7046944444444445 0.04766666666666666 0.0575462962962963
3 0.27091666666666664 0.7117314814814815 0.02275 0.060500000000000005
3 0.33064583333333336 0.8100555555555555 0.05503645833333334 0.046037037037037036
3 0.336609375 0.7418148148148148 0.054468749999999996 0.061407407407407404
3 0.46419791666666665 0.7510277777777777 0.04714583333333333 0.0502037037037037
3 0.10053125 0.9006296296296296 0.06355729166666667 0.07163888888888889
3 0.056625 0.7955277777777777 0.09658333333333333 0.04290740740740741
3 0.407046875 0.7592592592592593 0.05992708333333333 0.10740740740740741