3 0.24516666666666667 0.7647592592592594 0.059661458333333334 0.06655555555555555
3 0.5032708333333333 0.7532685185185185 0.07529166666666667 0.04356481481481481
3 0.5048802083333334 0.8390925925925926 0.045171875 0.06708333333333334
3 0.5903072916666667 0.8514537037037038 0.05271354166666666 0.06587037037037037
3 0.5396510416666668 0.9132592592592593 0.048052083333333336 0.0635462962962963
3 0.43662500000000004 0.7818425925925926 0.08158333333333333 0.06367592592592593
3 0.2962916666666667 0.8818055555555556 0.08008854166666667 0.10435185185185185
3 0.38594791666666667 0.9317129629629629 0.06981770833333334 0.11528703703703704
3 0.127890625 0.7784166666666668 0.039109375 0.10127777777777777
3 0.17740104166666668 0.7505 0.03813020833333333 0.11212037037037037
3 0.252484375 0.7029166666666666 0.05288020833333333 0.04287037037037037
1 0.37477604166666667 0.6055648148148148 0.039135416666666666 0.06298148148148147
1 0.30592708333333335 0.5772499999999999 0.024348958333333334 0.03969444444444444