3 0.20080729166666667 0.8265277777777778 0.10370312500000001 0.06046296296296296
3 0.22488020833333333 0.7344814814814815 0.072671875 0.06896296296296296
3 0.05183333333333333 0.8519537037037037 0.06825520833333334 0.07057407407407407
3 0.11369270833333332 0.8109814814814815 0.050296875 0.11825925925925926
3 0.5588072916666668 0.798712962962963 0.07595312500000001 0.08631481481481482
3 0.586515625 0.9579166666666666 0.08761979166666665 0.07510185185185185
3 0.3630625 0.7978333333333333 0.063625 0.0808611111111111
3 0.45529166666666665 0.8210462962962963 0.09391145833333334 0.07541666666666667
3 0.29846874999999995 0.9583333333333334 0.12819270833333332 0.08333333333333333
3 0.42221875 0.95 0.07568229166666667 0.1
3 0.500328125 0.9294907407407408 0.05482291666666667 0.12194444444444444
1 0.383125 0.595287037037037 0.037083333333333336 0.06094444444444444
1 0.3196927083333333 0.5767407407407408 0.026885416666666665 0.034972222222222224