3 0.5197916666666667 0.7323518518518519 0.058328124999999995 0.07581481481481481
3 0.2577291666666667 0.8302407407407407 0.04463020833333333 0.053064814814814815
3 0.3105260416666667 0.8047314814814815 0.047703125 0.06130555555555555
3 0.19544270833333333 0.8633796296296297 0.05963541666666667 0.07121296296296296
3 0.6655885416666667 0.8832222222222222 0.08533854166666667 0.06275
3 0.745296875 0.9097314814814814 0.06356770833333333 0.030574074074074076
3 0.5944114583333333 0.8098981481481482 0.057567708333333335 0.04942592592592593
1 0.19590625 0.6830092592592593 0.043895833333333335 0.12157407407407408
1 0.2600572916666667 0.6633518518518519 0.022203125 0.10077777777777779
1 0.3578177083333333 0.6540185185185186 0.030218750000000003 0.056185185185185185
1 0.46298437499999995 0.6491666666666667 0.023885416666666666 0.046481481481481485
1 0.43418229166666666 0.6527962962962963 0.018359375 0.04262962962962963