1 0.44031770833333334 0.6336666666666667 0.036885416666666664 0.05993518518518519
1 0.40724479166666666 0.6335833333333333 0.020734375000000003 0.04494444444444445
1 0.3299375 0.6297407407407407 0.022380208333333332 0.04836111111111111
1 0.249 0.6386203703703704 0.020916666666666663 0.0661388888888889
1 0.11569791666666666 0.6388518518518519 0.03556770833333334 0.07769444444444444
3 0.6252708333333333 0.8318055555555556 0.054713541666666664 0.10805555555555556
3 0.5265885416666667 0.7320555555555556 0.06776562500000001 0.07151851851851851
3 0.579609375 0.7874259259259259 0.025885416666666668 0.07114814814814815
3 0.70628125 0.9091018518518519 0.0813125 0.13672222222222222
3 0.7739270833333334 0.9592592592592593 0.05422916666666667 0.08148148148148149
3 0.5222135416666667 0.9412222222222222 0.08192708333333334 0.10836111111111112