1 0.3626875 0.6341481481481481 0.04828645833333333 0.06830555555555555
1 0.26281770833333334 0.5971851851851853 0.031890625 0.04993518518518519
1 0.2265 0.5747962962962962 0.013421875 0.01996296296296296
3 0.19885416666666667 0.6872685185185186 0.020619791666666668 0.026379629629629628
3 0.13333333333333333 0.7366574074074075 0.018744791666666667 0.021472222222222222
3 0.16202083333333334 0.7224074074074075 0.028208333333333332 0.03741666666666666
3 0.22732812500000002 0.6864814814814815 0.027578125000000002 0.04333333333333333
3 0.26144270833333333 0.6813796296296296 0.029140625 0.04425
3 0.32669270833333336 0.70875 0.03671875 0.058249999999999996
3 0.37672916666666667 0.70975 0.027796875 0.05282407407407407
3 0.41636979166666666 0.6976574074074074 0.038989583333333334 0.05087962962962963
3 0.25764583333333335 0.8648518518518519 0.06945833333333334 0.05934259259259259
3 0.21996875 0.7579166666666666 0.042020833333333334 0.02323148148148148
3 0.15883333333333333 0.7618518518518518 0.05316666666666667 0.038509259259259264