1 0.3558177083333333 0.6316203703703703 0.04496875 0.08422222222222221
1 0.40665625 0.6466203703703703 0.021645833333333333 0.13274074074074074
1 0.4605416666666667 0.6465648148148148 0.025249999999999998 0.12028703703703704
1 0.5371614583333333 0.6626296296296296 0.046552083333333334 0.24500925925925926
1 0.7020625 0.7147129629629629 0.06732291666666666 0.33684259259259264
3 0.06026041666666667 0.9706759259259259 0.04065625 0.058638888888888886
3 0.2655416666666667 0.9783981481481482 0.215109375 0.04321296296296297
3 0.35859375 0.8505185185185185 0.106078125 0.12696296296296297
3 0.35397395833333334 0.7352037037037037 0.08294791666666666 0.08769444444444444
3 0.12279166666666666 0.7522407407407407 0.07891145833333332 0.08472222222222223
1 0.24459895833333334 0.6707407407407407 0.062114583333333334 0.27358333333333335