1 0.6231927083333333 0.6584351851851852 0.05541145833333334 0.18725
1 0.5052916666666667 0.6753611111111111 0.038359375 0.17787962962962964
1 0.24880729166666665 0.6889814814814815 0.04969791666666667 0.2545
1 0.37920312500000003 0.6207222222222222 0.043130208333333336 0.09947222222222223
3 0.07628645833333333 0.7841296296296296 0.08660416666666666 0.04974074074074074
3 0.13955208333333333 0.7937685185185185 0.09936458333333334 0.10605555555555556
3 0.49194791666666665 0.9072870370370371 0.098484375 0.12321296296296295
3 0.4721458333333333 0.83275 0.051932291666666665 0.048212962962962964
3 0.40303125 0.9534537037037037 0.076890625 0.07356481481481482
3 0.09456770833333333 0.9737685185185185 0.16135416666666666 0.052472222222222226
3 0.23597395833333332 0.9028888888888889 0.11833333333333333 0.10206481481481482
3 0.344734375 0.7246388888888889 0.07835416666666667 0.06038888888888889