1 0.25730729166666666 0.6840555555555555 0.052807291666666666 0.27552777777777776
1 0.35589062499999996 0.6264074074074074 0.04164583333333333 0.09232407407407407
1 0.41060416666666666 0.6386203703703704 0.03295833333333333 0.1414351851851852
1 0.46181249999999996 0.6376111111111111 0.038182291666666666 0.15793518518518518
1 0.58921875 0.7158055555555556 0.07774479166666667 0.38222222222222224
1 0.9071197916666667 0.7688611111111111 0.18576562500000002 0.4574814814814815
1 0.7398125 0.6562870370370371 0.16365104166666666 0.28787962962962965
3 0.08597916666666668 0.7674814814814814 0.15113020833333335 0.059657407407407416
3 0.1701875 0.8541944444444444 0.06586979166666666 0.10962037037037037
3 0.06709895833333333 0.9336388888888889 0.12725 0.13271296296296298
3 0.27127083333333335 0.9351851851851852 0.10329166666666666 0.12962962962962962