1 0.26976041666666667 0.7041481481481482 0.06382291666666667 0.2910185185185185
1 0.09017708333333332 0.6558333333333333 0.0761875 0.1635185185185185
1 0.3709739583333333 0.6279166666666667 0.05096875 0.083
1 0.427921875 0.6470833333333333 0.029453125 0.14602777777777778
1 0.487265625 0.6488148148148148 0.037036458333333334 0.1618240740740741
1 0.5175625 0.6308333333333332 0.027380208333333333 0.1505462962962963
3 0.29653645833333336 0.8733055555555556 0.16598958333333333 0.09846296296296296
3 0.07722395833333334 0.9521574074074073 0.12319791666666666 0.09567592592592593
3 0.031203124999999998 0.8284722222222223 0.059125 0.07669444444444444
3 0.15913541666666667 0.828212962962963 0.08563020833333333 0.13789814814814816
3 0.34806770833333334 0.7522222222222222 0.06071875 0.10937962962962963